"","first_name","first_name_ar","last_name","last_name_ar","phone","fax","mobile","email","district","facebook","twitter","deputies_in_elections","party","party_ar","born_day","born_month","born_year","notes","id","district_id","party_id"
"18","Bassem","باسم","Chabb","الشاب","01-982100","","03-319336","","Beirut III","","",NA,"Future Movement","تيار المستقبل",NA,NA,1957,"",8071,648,827
